50
2	4	48	30
4	4	24	25
4	2	12	20
6	2	6	15
100	100
100
17:36:00	3.6	107	46	1
12:15:00	3.3	129	186	1
22:44:00	4.3	126	69	2
13:59:00	0.1	42	91	2
12:26:00	2.6	197	298	1
10:03:00	0.4	14	95	1
17:50:00	3.9	72	183	1
14:44:00	3.1	181	218	1
23:36:00	1.1	39	164	2
14:26:00	4.8	49	84	1
17:22:00	3.3	169	54	1
04:32:00	0.9	13	28	1
11:44:00	3.4	138	68	1
06:28:00	1.3	172	157	2
06:56:00	4.5	31	265	1
02:15:00	3.6	198	162	2
23:17:00	0.1	30	57	2
08:21:00	3.1	17	225	1
02:38:00	0.4	6	169	2
08:26:00	0.2	58	39	1
11:47:00	2.2	167	19	1
04:50:00	1.3	158	11	1
17:55:00	0.5	97	215	1
09:34:00	4.4	161	161	1
03:41:00	4.4	11	141	1
19:35:00	2.1	99	300	1
08:38:00	1.7	10	252	1
13:07:00	1.3	194	120	1
19:07:00	2.2	153	36	2
09:41:00	0.9	27	110	1
19:07:00	3.6	61	217	2
08:41:00	2.2	76	220	1
05:48:00	0.5	162	196	1
14:44:00	1.8	150	58	1
22:33:00	0.8	1	296	1
16:12:00	4.1	199	120	1
22:55:00	2.8	59	54	1
03:38:00	2.2	45	282	1
16:12:00	3.5	180	26	1
07:06:00	3.1	41	71	1
12:44:00	0.5	91	248	1
10:01:00	3.7	59	123	1
23:42:00	3.1	31	263	2
12:39:00	3.2	122	169	2
11:31:00	1.1	121	3	2
11:24:00	2.3	49	66	1
12:08:00	3	57	263	1
13:11:00	2.9	114	71	1
18:52:00	3.1	70	94	1
11:03:00	1.6	54	22	1
12:06:00	1.8	102	154	1
06:35:00	4.3	97	5	1
15:47:00	4.1	42	135	1
21:32:00	3.5	5	222	1
02:20:00	4.3	96	215	1
04:03:00	2.6	116	271	1
04:18:00	1.5	39	84	1
13:44:00	4.2	66	64	2
17:48:00	3.6	144	244	2
07:56:00	3.2	74	100	1
02:55:00	2.8	162	142	2
14:10:00	1.8	196	10	1
06:28:00	2.8	81	21	1
05:08:00	4.7	55	250	1
03:49:00	4.5	53	101	1
06:00:00	2.4	190	88	1
08:20:00	4.2	103	35	1
04:47:00	2.3	33	299	1
23:55:00	1	29	53	1
09:20:00	4.8	32	2	1
00:13:00	2.2	61	233	1
01:34:00	4	149	112	1
15:59:00	1.5	153	270	2
03:32:00	1.6	129	116	2
05:15:00	4	20	198	1
01:14:00	0.8	164	129	1
06:48:00	2.6	95	292	1
20:55:00	3.4	123	153	2
01:02:00	2.4	60	135	1
16:47:00	4.7	44	121	1
08:25:00	0.8	4	122	2
06:46:00	2.6	112	268	1
14:26:00	2.2	139	225	1
02:47:00	2	31	177	1
14:09:00	2.2	76	275	2
17:55:00	4.2	177	108	1
07:34:00	4.7	64	165	2
15:31:00	3.2	156	296	2
14:27:00	4.6	183	127	1
15:10:00	0.5	156	9	2
08:15:00	4.9	104	122	1
03:00:00	1.1	191	103	1
06:25:00	1.4	8	174	2
19:53:00	4.4	58	243	1
09:19:00	3.1	177	234	1
06:11:00	3.5	171	243	1
02:54:00	4.9	47	231	1
17:41:00	3.4	71	35	1
23:13:00	3.2	199	237	2
11:23:00	1.5	88	86	2