50
2	4	48	30
4	4	24	25
4	2	12	20
6	2	6	15
100	100
100
03:47:00	2.2	107	46	1
16:28:00	0.5	129	186	1
16:03:00	1.4	126	69	2
22:07:00	3.9	42	91	2
03:22:00	0.2	197	298	1
13:00:00	4	14	95	1
17:44:00	4.7	72	183	1
21:13:00	1.5	181	218	1
15:14:00	4.3	39	164	2
14:56:00	3.9	49	84	1
14:51:00	0.1	169	54	1
11:55:00	1.9	13	28	1
02:20:00	4.2	138	68	1
04:35:00	0.8	172	157	2
18:32:00	2.6	31	265	1
21:15:00	0.6	198	162	2
19:16:00	2.7	30	57	2
12:31:00	4.8	17	225	1
06:41:00	3.5	6	169	2
10:31:00	0.3	58	39	1
17:40:00	3.1	167	19	1
19:29:00	1.3	158	11	1
19:29:00	0.5	97	215	1
09:38:00	0.9	161	161	1
13:50:00	3.7	11	141	1
12:05:00	2.7	99	300	1
15:17:00	1.1	10	252	1
06:32:00	4.9	194	120	1
09:13:00	2.9	153	36	2
22:09:00	1.2	27	110	1
22:15:00	4.9	61	217	2
08:08:00	4.5	76	220	1
05:20:00	0.6	162	196	1
03:19:00	4.2	150	58	1
11:49:00	2.7	1	296	1
07:32:00	1	199	120	1
01:49:00	4.8	59	54	1
18:26:00	2.4	45	282	1
07:24:00	2.8	180	26	1
08:40:00	2.5	41	71	1
03:06:00	3.8	91	248	1
21:54:00	3.4	59	123	1
22:24:00	4.2	31	263	2
23:21:00	2.1	122	169	2
20:09:00	3.3	121	3	2
14:16:00	3.2	49	66	1
08:57:00	0.1	57	263	1
01:39:00	3.4	114	71	1
10:35:00	2.4	70	94	1
04:04:00	1.5	54	22	1
23:10:00	3	102	154	1
23:16:00	1.1	97	5	1
16:14:00	0.6	42	135	1
08:30:00	4.2	5	222	1
09:55:00	0.3	96	215	1
20:23:00	1.2	116	271	1
18:20:00	1.3	39	84	1
18:55:00	1.2	66	64	2
01:17:00	0.2	144	244	2
20:38:00	1.7	74	100	1
14:36:00	3.9	162	142	2
17:36:00	2.4	196	10	1
12:09:00	4.3	81	21	1
21:05:00	4.6	55	250	1
15:48:00	1	53	101	1
22:34:00	2.5	190	88	1
22:47:00	3.5	103	35	1
04:44:00	1.8	33	299	1
01:42:00	2.5	29	53	1
15:28:00	0.8	32	2	1
07:16:00	2	61	233	1
15:05:00	0.5	149	112	1
08:03:00	1	153	270	2
01:18:00	0.8	129	116	2
03:59:00	1.5	20	198	1
06:09:00	2.8	164	129	1
16:08:00	2.6	95	292	1
11:19:00	0.5	123	153	2
05:46:00	0.3	60	135	1
02:48:00	3.3	44	121	1
06:55:00	3	4	122	2
16:45:00	4.4	112	268	1
02:06:00	4.7	139	225	1
09:04:00	4.4	31	177	1
02:48:00	2.6	76	275	2
13:19:00	0.7	177	108	1
13:06:00	1.8	64	165	2
04:03:00	4.8	156	296	2
13:14:00	2	183	127	1
03:20:00	0.7	156	9	2
05:13:00	2.3	104	122	1
16:18:00	2.2	191	103	1
07:31:00	3.1	8	174	2
07:30:00	1.3	58	243	1
22:20:00	2.4	177	234	1
15:00:00	1	171	243	1
13:18:00	0.2	47	231	1
21:35:00	2.8	71	35	1
09:46:00	3.6	199	237	2
05:43:00	3.3	88	86	2
