50
2	4	48	30
4	4	24	25
4	2	12	20
6	2	6	15
100	100
100
05:42:00	3.6	107	46	1
03:52:00	3.3	129	186	1
01:30:00	4.3	126	69	2
02:29:00	0.1	42	91	2
03:42:00	2.6	197	298	1
17:20:00	0.4	14	95	1
01:14:00	3.9	72	183	1
20:03:00	3.1	181	218	1
16:45:00	1.1	39	164	2
08:17:00	4.8	49	84	1
10:46:00	3.3	169	54	1
11:44:00	0.9	13	28	1
12:58:00	3.4	138	68	1
12:41:00	1.3	172	157	2
10:18:00	4.5	31	265	1
10:35:00	3.6	198	162	2
04:39:00	0.1	30	57	2
11:14:00	3.1	17	225	1
22:26:00	0.4	6	169	2
07:56:00	0.2	58	39	1
16:44:00	2.2	167	19	1
08:34:00	1.3	158	11	1
05:46:00	0.5	97	215	1
18:41:00	4.4	161	161	1
11:53:00	4.4	11	141	1
13:44:00	2.1	99	300	1
02:58:00	1.7	10	252	1
17:27:00	1.3	194	120	1
18:41:00	2.2	153	36	2
05:44:00	0.9	27	110	1
04:02:00	3.6	61	217	2
16:31:00	2.2	76	220	1
09:53:00	0.5	162	196	1
04:31:00	1.8	150	58	1
01:25:00	0.8	1	296	1
20:20:00	4.1	199	120	1
23:04:00	2.8	59	54	1
13:53:00	2.2	45	282	1
17:51:00	3.5	180	26	1
21:36:00	3.1	41	71	1
03:41:00	0.5	91	248	1
20:11:00	3.7	59	123	1
09:35:00	3.1	31	263	2
23:56:00	3.2	122	169	2
16:19:00	1.1	121	3	2
06:36:00	2.3	49	66	1
12:53:00	3	57	263	1
04:46:00	2.9	114	71	1
20:02:00	3.1	70	94	1
08:17:00	1.6	54	22	1
03:06:00	1.8	102	154	1
16:30:00	4.3	97	5	1
13:34:00	4.1	42	135	1
11:51:00	3.5	5	222	1
08:30:00	4.3	96	215	1
06:58:00	2.6	116	271	1
18:50:00	1.5	39	84	1
19:03:00	4.2	66	64	2
04:15:00	3.6	144	244	2
09:52:00	3.2	74	100	1
21:51:00	2.8	162	142	2
14:01:00	1.8	196	10	1
16:17:00	2.8	81	21	1
06:24:00	4.7	55	250	1
04:45:00	4.5	53	101	1
22:34:00	2.4	190	88	1
07:58:00	4.2	103	35	1
02:13:00	2.3	33	299	1
21:12:00	1	29	53	1
02:25:00	4.8	32	2	1
19:07:00	2.2	61	233	1
07:13:00	4	149	112	1
14:14:00	1.5	153	270	2
19:06:00	1.6	129	116	2
11:03:00	4	20	198	1
21:05:00	0.8	164	129	1
00:55:00	2.6	95	292	1
17:06:00	3.4	123	153	2
13:15:00	2.4	60	135	1
14:58:00	4.7	44	121	1
21:04:00	0.8	4	122	2
17:51:00	2.6	112	268	1
16:56:00	2.2	139	225	1
06:34:00	2	31	177	1
10:18:00	2.2	76	275	2
17:16:00	4.2	177	108	1
08:20:00	4.7	64	165	2
17:12:00	3.2	156	296	2
03:36:00	4.6	183	127	1
03:08:00	0.5	156	9	2
22:17:00	4.9	104	122	1
21:00:00	1.1	191	103	1
20:16:00	1.4	8	174	2
01:10:00	4.4	58	243	1
10:06:00	3.1	177	234	1
05:22:00	3.5	171	243	1
18:36:00	4.9	47	231	1
21:24:00	3.4	71	35	1
21:48:00	3.2	199	237	2
22:08:00	1.5	88	86	2
